vmstat 1
procs -----------memory---------- ---swap-- -----io---- -system-- ------cpu-----
 r  b   swpd   free   buff  cache   si   so    bi    bo   in   cs us sy id wa st
 0  0 173124 14924004  29388 282752    1    1     1     1    1    1  0  0 100  0  0
 0  0 173124 14925188  29388 282752    0    0     0     0  201 1418  1  0 99  0  0
 0  0 173124 14923548  29388 282756    0    0     0     0  294 1938  1  0 99  0  0
 0  0 173124 14924260  29388 282756    0    0     0     0  110  321  0  0 100  0  0
 0  0 173124 14924276  29388 282756    0    0     0     0   81  183  0  0 100  0  0
 0  0 173124 14924228  29388 282756    0    0     0     0   72  169  0  0 100  0  0
 0  0 173124 14924228  29396 282748    0    0     0    36  122  365  0  0 100  0  0
 0  0 173124 14926572  29396 282748    0    0     0     0  114  359  0  0 100  0  0
 0  0 173124 14926568  29396 282748    0    0     0     0   86  277  0  0 100  0  0
 0  0 173124 14926428  29396 282748    0    0     0     0   73  171  0  0 100  0  0
 0  0 173124 14926292  29396 282760    0    0     0     8  249  679  0  0 99  0  0
 0  0 173124 14926324  29404 282752    0    0     0    64  164  325  0  0 100  0  0
 0  0 173124 14926216  29404 282760    0    0     0    60  110  341  0  0 100  0  0
 0  0 173124 14926252  29404 282752    0    0     0     0   74  166  0  0 100  0  0
 0  0 173124 14926220  29404 282752    0    0     0     0   90  199  0  0 100  0  0
 0  0 173124 14926216  29404 282756    0    0     0     0  114  227  0  0 100  0  0
 0  0 173124 14926200  29404 282756    0    0     0     0   84  165  0  0 100  0  0
 0  0 173124 14926216  29412 282752    0    0     0    16  122  291  0  0 100  0  0
 1  0 173124 14926200  29412 282760    0    0     0    12   94  214  0  0 100  0  0
 0  0 173124 14926184  29412 282760    0    0     0     0   86  197  0  0 100  0  0
 0  0 173124 14926168  29412 282760    0    0     0     0  181  366  0  0 100  0  0
 0  0 173124 14926152  29412 282760    0    0     0     0   87  197  0  0 100  0  0
 0  0 173124 14926168  29412 282760    0    0     0     0   98  206  0  0 100  0  0
 0  0 173124 14926152  29420 282760    0    0     0    16   87  198  0  0 100  0  0
procs -----------memory---------- ---swap-- -----io---- -system-- ------cpu-----
 r  b   swpd   free   buff  cache   si   so    bi    bo   in   cs us sy id wa st
 1  0 173124 14926152  29420 282760    0    0     0    12   84  207  0  0 100  0  0
 0  0 173124 14926896  29420 282760    0    0     0     0  106  267  0  0 100  0  0
 0  0 173124 14926880  29420 282760    0    0     0     0  104  219  0  0 100  0  0
 0  0 173124 14926896  29420 282760    0    0     0     0   93  209  0  0 100  0  0
 1  0 173124 14743484  29420 282760    0    0     0     0  682  264  7  0 93  0  0
 1  0 173124 14402764  29428 282752    0    0     0    16 1098  217 12  0 87  0  0
 1  0 173124 14061820  29428 282760    0    0     0    12 1103  211 12  0 87  0  0
 1  0 173124 13723280  29428 282760    0    0     0     0 1088  207 12  0 87  0  0
 1  0 173124 13382692  29428 282760    0    0     0     0 1078  190 12  0 88  0  0
 1  0 173124 13044152  29428 282760    0    0     0     0 1094  199 12  0 87  0  0
 1  0 173124 12703564  29428 282760    0    0     0     0 1102  189 12  0 87  0  0
 1  0 173124 12362852  29436 282760    0    0     0    16 1093  208 12  0 87  0  0
 1  0 173124 12024172  29436 282760    0    0     0     8 1089  211 12  0 88  0  0
 1  0 173124 11683616  29436 282760    0    0     0     0 1086  194 12  0 87  0  0
 1  0 173124 11345044  29436 282760    0    0     0     0 1104  235 12  0 88  0  0
 1  0 173124 11004472  29436 282760    0    0     0     0 1099  224 12  0 87  0  0
 1  0 173124 10665808  29436 282760    0    0     0     0 1080  173 12  0 87  0  0
 1  0 173124 10325220  29444 282760    0    0     0    16 1095  228 12  0 87  0  0
 1  0 173124 9986664  29444 282760    0    0     0     8 1137  396 12  0 87  0  0
 2  0 173124 9651680  29444 282760    0    0     0     0 1417 3745 13  1 86  0  0
 1  0 173124 9317140  29444 282760    0    0     0     0 1343 2454 14  0 86  0  0
 1  0 173124 8978476  29444 282760    0    0     0     0 1178  803 13  0 87  0  0
 1  0 173124 8654712  29444 282760    0    0     0     0 1236  811 13  1 87  0  0
 1  0 173124 8331308  29452 282760    0    0     0    16 1306 1200 13  1 87  0  0
procs -----------memory---------- ---swap-- -----io---- -system-- ------cpu-----
 r  b   swpd   free   buff  cache   si   so    bi    bo   in   cs us sy id wa st
 2  0 173124 8006336  29452 282760    0    0     0     8 1277 1146 12  1 87  0  0
 1  0 173124 7681556  29452 282760    0    0     0     0 1331 2006 13  1 87  0  0
 2  0 173124 7360216  29452 282760    0    0     0     0 1372 3029 13  1 86  0  0
 1  0 173124 7037028  29452 282760    0    0     0     0 1419 2888 13  1 86  0  0
 1  0 173124 6713028  29452 282760    0    0     0     0 1284 1993 12  1 87  0  0
 1  0 173124 6385180  29460 282760    0    0     0    16 1208 1094 12  1 87  0  0
 1  0 173124 6058600  29460 282760    0    0     0     8 1135  272 12  1 87  0  0
 1  0 173124 5731728  29460 282760    0    0     0     0 1100  231 12  1 88  0  0
 1  0 173124 5405200  29460 282760    0    0     0     0 1106  321 12  1 87  0  0
 1  0 173124 5078196  29460 282760    0    0     0     0 1095  203 12  1 87  0  0
 1  0 173124 4751540  29468 282756    0    0     0    16 1121  265 12  1 87  0  0
 1  0 173124 4424772  29468 282760    0    0     0     0 1103  237 12  1 87  0  0
 1  0 173124 4097992  29468 282760    0    0     0     8 1106  210 12  1 87  0  0
 2  0 173124 3771432  29468 282760    0    0     0     0 1124  319 12  1 87  0  0
 1  0 173124 3444640  29468 282764    0    0     0     0 1112  238 12  1 87  0  0
 1  0 173124 3117372  29476 282760    0    0     0    16 1102  211 12  1 87  0  0
 1  0 173124 2791056  29476 282764    0    0     0     0 1096  217 12  1 88  0  0
 1  0 173124 2463936  29476 282764    0    0     0     0 1112  242 12  1 87  0  0
 1  0 173124 2137172  29476 282764    0    0     0    12 1116  241 12  1 87  0  0
 1  0 173124 1810644  29476 282756    0    0     0     0 1094  196 12  0 87  0  0
 1  0 173124 1484192  29484 282752    0    0     0    28 1099  241 12  1 87  0  0
 1  0 173124 1158240  29472 282120    0    0     0     0 1079  180 12  1 87  0  0
 1  0 173124 830956  29472 282120    0    0     0     0 1128  341 12  1 87  0  0
 1  0 173124 504576  29472 282120    0    0     0     0 1109  214 12  1 88  0  0
procs -----------memory---------- ---swap-- -----io---- -system-- ------cpu-----
 r  b   swpd   free   buff  cache   si   so    bi    bo   in   cs us sy id wa st
 2  0 173124 184364  29208 277380    0    0     0    20 1100  209 12  1 87  0  0
 2  0 228424 171528    248  46280    0 55304   888 55320 2196  599 12  2 86  0  0
 1  3 1386360 151640    248  13144 2944 1158072 23028 1158072 249319 2159 12  6 70 12  0
 1  3 1779428 180732    256  26684 1888 393220 12528 393228 45529 7493 10  5 64 22  0
 1  1 1188880 14629976    256  30048 2120    0  5884     0 2288 2410  5  6 74 15  0
 0  1 1188780 14656784    256  30696  880    0  1508     0 1014  396  0  0 89 11  0
 0  0 1187556 14642600    276  40000 13616    0 22932    16 1087 2169  0  0 94  6  0
 0  0 1187464 14638832    276  42520  908    0  3708     0  173  463  0  0 100  0  0
 0  0 1186308 14627676    276  49092 7644    0 14028     0  696 4002  1  0 96  2  0
 0  0 1184720 14609536    276  52980 13200    0 16684     8  793 3003  1  0 97  2  0
 0  0 1184232 14608156    276  53016 1228    0  1388     0  299 1232  1  0 99  0  0
 0  0 1184160 14608560    276  53100   32    0    32     0  235 1061  1  0 99  0  0
 0  0 1183668 14606188    284  53244 1968    0  2188    16  318 1376  1  0 99  0  0
 0  0 1183468 14605568    284  53424  672    0   700     0  239 1169  1  0 99  0  0
 0  0 1183464 14605412    284  53444    0    0     0     0  230 1063  1  0 99  0  0
 0  0 1183344 14604932    284  53388  352    0   400     8  216  957  0  0 99  0  0
 0  0 1179060 14594516    288  54816 8860    0 10044     0  671 2130  2  0 97  1  0
 0  0 1176760 14591772    304  54732 2736    0  3076     0  358 1014  1  0 99  0  0
 1  0 1176416 14590780    312  55076  352    0   496    16  306 1270  1  0 99  0  0
 0  0 1175816 14590128    312  55104  604    0   604     0  430 2214  2  0 98  0  0
 0  0 1175308 14589384    312  55092  608    0   608     0  285 1474  1  0 99  0  0
 0  0 1175196 14589260    312  55136    0    0     0     8  190  727  1  0 99  0  0
 0  0 1175192 14588904    312  55084    0    0     0     0  262 1209  1  0 99  0  0
 0  0 1175164 14588904    312  55084    0    0     0     0  229 1153  1  0 99  0  0
procs -----------memory---------- ---swap-- -----io---- -system-- ------cpu-----
 r  b   swpd   free   buff  cache   si   so    bi    bo   in   cs us sy id wa st
 1  0 1175144 14588904    320  55088    0    0    16    16  272 1209  1  0 99  0  0
 0  0 1175144 14588780    320  55084   32    0    32     0  257 1151  1  0 99  0  0
 0  0 1175144 14586920    320  57068    0    0  1924     0  285 1293  1  0 99  0  0
 0  0 1173712 14585292    320  57128 1552    0  1552     0  480 1340  2  0 98  0  0
 1  0 1173524 14585136    320  57144  160    0   160     0  208  776  1  0 99  0  0
 0  0 1172240 14579912    328  57072 5024    0  5152    16  499 1429  2  0 98  0  0
 0  0 1170680 14578020    328  57176 1384    0  1384     0  519 1327  2  0 98  0  0
 0  0 1170088 14576408    328  57732  924    0  1388     0  313  868  1  0 97  1  0
 0  0 1167920 14574856    328  57700 1088    0  1088     0  481 1371  2  0 98  0  0
 0  1 1151976 14553344    328  57920 20320    0 20320     0 1191 3488  3  0 96  1  0
 0  0 1122788 14552128    332  57828  516    0   732     0  834 1172  2  0 98  0  0
 0  0 1122780 14551136    340  57828    0    0     0    16  199  811  1  0 99  0  0
 0  0 1122756 14551136    340  57820   32    0   104     0  288 1225  1  0 99  0  0
 1  0 1122756 14551088    340  57824    0    0     0     0  237 1129  1  0 99  0  0
 0  0 1122756 14551352    340  57804    0    0     0     0  253 1123  1  0 99  0  0
 1  0 1122756 14553024    340  57904    0    0     0     0  341  920  2  0 98  0  0
 0  0 1122700 14551216    340  57912    0    0     0     0  581 1320  4  0 96  0  0
 0  0 1122700 14550400    348  57896    0    0     0    16  623 1297  3  0 97  0  0
 0  0 1122624 14548324    348  60352   64    0  2828     0  395 3365  1  0 93  5  0
 0  0 1122624 14547920    352  60640    0    0    80     0  372 2828  1  0 99  0  0
 0  0 1122064 14538400    352  67036  384    0  6548     0  506 2581  1  0 96  3  0
 0  0 1122056 14538604    352  66916    0    0     0     0  155  571  0  0 100  0  0
 0  0 1122052 14539828    360  67300    0    0   404    16  134  395  0  0 100  0  0
 0  0 1122052 14539844    360  67300    0    0     0     0  124  343  0  0 100  0  0
procs -----------memory---------- ---swap-- -----io---- -system-- ------cpu-----
 r  b   swpd   free   buff  cache   si   so    bi    bo   in   cs us sy id wa st
 1  0 1122052 14540728    360  67312    0    0     0     0   85  218  0  0 100  0  0
 0  0 1122028 14537116    392  68964   16    0  1692     0  196  589  0  0 99  1  0
 0  0 1121888 14526568    616  74200  160    0  5584     0  724 2163  1  0 98  1  0
 0  0 1121872 14526872    616  74332    0    0   128     0  129  362  0  0 100  0  0
 0  0 1121872 14526632    624  74328    0    0     0    28   89  214  0  0 100  0  0
 0  0 1121872 14526608    624  74456    0    0   128     0  116  442  0  0 100  0  0
 0  0 1121852 14531584    628  74468    0    0    16     0  355 2411  1  0 99  0  0
 1  0 1121848 14532700    628  74472    0    0     0     0  214  918  0  0 99  0  0
 0  0 1121832 14532760    628  74480    0    0     0     0  281 1270  1  0 99  0  0
 0  0 1121800 14533208    636  74468    0    0     0    48  376 1176  1  0 99  0  0
 0  0 1121568 14529876    696  75636  256    0  1584     0  355 1136  1  0 96  2  0
 0  0 1121552 14529480    696  75788    0    0     0     0  434 1261  2  0 98  0  0
 1  0 1121524 14528804    696  75748    0    0     0     0  367 1055  2  0 98  0  0
 0  0 1121504 14528804    696  75748    0    0     0     0  342 1020  1  0 99  0  0
 0  0 1121488 14528632    696  75756    0    0     0    12  282  737  1  0 98  0  0
 0  0 1121460 14528352    704  75760   32    0    32    28  390 1117  2  0 98  0  0
 0  0 1121324 14528320    704  75784   64    0    64     0  391 1111  2  0 98  0  0
 0  0 1121320 14527420    704  75788    0    0     0     0  267 1658  0  0 99  0  0
^C
[eos24:~/CIS452/lab10]$ /usr/bin/time -v ./a.out
	Command being timed: "./a.out"
	User time (seconds): 45.92
	System time (seconds): 2.22
	Percent of CPU this job got: 99%
	Elapsed (wall clock) time (h:mm:ss or m:ss): 0:48.35
	Average shared text size (kbytes): 0
	Average unshared data size (kbytes): 0
	Average stack size (kbytes): 0
	Average total size (kbytes): 0
	Maximum resident set size (kbytes): 15365500
	Average resident set size (kbytes): 0
	Major (requiring I/O) page faults: 8
	Minor (reclaiming a frame) page faults: 2389645
	Voluntary context switches: 776
	Involuntary context switches: 84
	Swaps: 0
	File system inputs: 968
	File system outputs: 0
	Socket messages sent: 0
	Socket messages received: 0
	Signals delivered: 0
	Page size (bytes): 4096
	Exit status: 0

